% # columns="iteration, evaluation, sigma, axis ratio, bestever, best, median, worst objective function value, further objective values of best", seed=682949, Tue Apr 21 22:01:56 2015
1 9 22.6647921179 1.00004166753 -9.0 -9.0000000000000000e+00 -8.0 -7.5   
2 18 22.9095224012 1.16734470942 -9.0 -9.0000000000000000e+00 -8.0 -8.0   
3 27 24.0981861384 1.29219836736 -9.0 -8.5000000000000000e+00 -8.5 -7.5   
4 36 26.3861694851 1.42564277643 -9.0 -8.5000000000000000e+00 -8.0 -7.5   
5 45 24.9714647585 1.58207470851 -9.0 -8.5000000000000000e+00 -8.0 -7.5   
6 54 23.9849433678 1.57321440471 -9.0 -9.0000000000000000e+00 -8.0 -7.5   
7 63 25.3974164095 1.59119503181 -9.0 -8.0000000000000000e+00 -8.0 -6.5   
8 72 26.7475506424 1.58833090755 -9.0 -9.0000000000000000e+00 -8.5 -7.5   
9 81 25.1826684257 1.74118917707 -9.0 -9.0000000000000000e+00 -8.0 -7.5   
10 90 28.3942792854 1.70325861014 -9.0 -9.0000000000000000e+00 -8.5 -7.5   
11 99 29.2639404143 1.97468730506 -9.0 -9.0000000000000000e+00 -8.0 -7.5   
12 108 27.057508536 2.01981751097 -9.0 -9.0000000000000000e+00 -8.5 -7.5   
13 117 26.6447735819 2.06554359792 -9.0 -9.0000000000000000e+00 -8.0 -6.5   
14 126 26.9812261447 2.13338804274 -9.0 -8.5000000000000000e+00 -8.0 -7.0   
15 135 25.79424728 2.0828579158 -9.0 -9.0000000000000000e+00 -8.5 -8.0   
16 144 25.0409224524 2.18801634751 -9.0 -9.0000000000000000e+00 -8.0 -7.0   
17 153 25.2773835953 2.23958183487 -9.0 -9.0000000000000000e+00 -8.0 -7.0   
18 162 26.5663354795 2.16808291439 -9.0 -8.5000000000000000e+00 -8.0 -7.0   
19 171 24.1619132967 2.41367772961 -9.0 -9.0000000000000000e+00 -8.5 -7.0   
20 180 23.9017090981 2.5271076548 -9.0 -9.0000000000000000e+00 -8.5 -7.5   
21 189 22.6999528422 2.57143141331 -9.0 -9.0000000000000000e+00 -8.0 -7.0   
22 198 22.9960560324 2.61075798467 -9.0 -9.0000000000000000e+00 -8.0 -7.5   
23 207 20.9873430854 2.713694922 -9.0 -8.5000000000000000e+00 -8.0 -7.0   
24 216 19.521942854 2.69209323679 -9.5 -9.5000000000000000e+00 -8.0 -6.5   
25 225 17.421893987 2.66136375526 -10.0 -1.0000000000000000e+01 -8.0 -8.0   
26 234 17.9262236116 2.67061399921 -10.0 -8.5000000000000000e+00 -8.0 -7.5   
27 243 17.0985289442 2.75789405575 -10.0 -9.5000000000000000e+00 -8.5 -7.0   
28 252 16.8178268251 2.83533372089 -10.0 -9.5000000000000000e+00 -8.0 -8.0   
29 261 15.5882940164 2.95195705486 -10.0 -9.5000000000000000e+00 -8.5 -8.0   
30 270 15.4481597448 3.0796975468 -10.0 -9.0000000000000000e+00 -7.5 -7.0   
31 279 16.2957278845 3.0367923033 -10.0 -9.0000000000000000e+00 -8.0 -7.5   
32 288 14.5890571399 3.26463549941 -10.0 -9.0000000000000000e+00 -8.0 -7.5   
33 297 12.1621896713 3.49534008011 -10.0 -9.0000000000000000e+00 -8.0 -6.5   
34 306 12.5571436069 3.60185284045 -10.0 -9.5000000000000000e+00 -8.0 -7.0   
35 315 15.8815976373 3.68745438664 -10.0 -9.0000000000000000e+00 -8.0 -7.0   
36 324 18.1875468091 3.49321965916 -10.0 -9.5000000000000000e+00 -8.5 -7.5   
37 333 18.1120084272 3.74869089465 -10.0 -9.5000000000000000e+00 -8.5 -7.0   
38 342 19.2646007826 3.81621532119 -10.0 -9.0000000000000000e+00 -8.0 -7.0   
39 351 19.1641093475 3.69377401549 -10.0 -9.0000000000000000e+00 -8.5 -7.0   
40 360 20.3889717735 3.67929238361 -10.0 -9.0000000000000000e+00 -8.0 -7.5   
41 369 21.0421508441 3.66059324379 -10.0 -8.5000000000000000e+00 -8.0 -7.5   
42 378 21.7649018043 3.87391742477 -10.0 -9.0000000000000000e+00 -8.0 -7.5   
43 387 23.5992527812 3.71035390702 -10.0 -9.0000000000000000e+00 -8.0 -7.5   
44 396 23.2487227412 3.60648225542 -10.0 -9.0000000000000000e+00 -8.0 -7.5   
45 405 22.6897487326 3.72662802541 -10.0 -9.0000000000000000e+00 -8.5 -7.5   
46 414 24.3045324429 3.99442166399 -10.0 -9.0000000000000000e+00 -8.0 -7.5   
47 423 23.7503495203 4.13770152514 -10.0 -9.0000000000000000e+00 -8.5 -7.5   
48 432 22.6863912796 4.25619859237 -10.0 -9.0000000000000000e+00 -8.5 -7.5   
49 441 22.8063406146 4.36134099 -10.0 -9.5000000000000000e+00 -8.5 -7.5   
50 450 24.7604187941 4.28699785963 -10.0 -8.5000000000000000e+00 -8.0 -7.0   
51 459 26.0925835645 4.46332668805 -10.0 -9.0000000000000000e+00 -8.5 -8.0   
52 468 28.4363123984 4.93382538493 -10.0 -8.5000000000000000e+00 -8.0 -7.0   
53 477 30.8954168806 4.81005889224 -10.0 -9.0000000000000000e+00 -8.5 -7.5   
54 486 34.5047433914 4.71719586699 -10.0 -8.5000000000000000e+00 -8.0 -7.5   
55 495 38.9639244444 5.08483743183 -10.0 -8.5000000000000000e+00 -7.5 -7.0   
56 504 38.3873014161 5.66773624137 -10.0 -9.0000000000000000e+00 -8.0 -7.0   
57 513 37.7938252791 5.74068918458 -10.0 -9.0000000000000000e+00 -8.0 -7.0   
58 522 35.4458752524 6.23875025884 -10.0 -8.5000000000000000e+00 -8.5 -7.0   
59 531 33.008270882 6.46408981036 -10.0 -8.5000000000000000e+00 -8.0 -7.5   
60 540 31.826257155 6.19608836479 -10.0 -8.5000000000000000e+00 -7.5 -7.5   
61 549 28.7799352021 6.23217357545 -10.0 -9.0000000000000000e+00 -8.0 -7.0   
62 558 27.5100039911 6.67496286489 -10.0 -9.0000000000000000e+00 -8.0 -7.5   
63 567 25.5635129499 6.50984293105 -10.0 -9.5000000000000000e+00 -8.5 -7.5   
64 576 24.9617458938 6.82677593973 -10.0 -8.5000000000000000e+00 -8.0 -8.0   
65 585 23.3314938663 6.67630350849 -10.0 -8.5000000000000000e+00 -8.0 -7.0   
66 594 21.9792716767 6.56887882643 -10.0 -9.0000000000000000e+00 -8.5 -7.5   
67 603 23.3971629206 6.7398475387 -10.0 -8.5000000000000000e+00 -8.0 -7.5   
68 612 23.3814813778 6.7021398624 -10.0 -9.0000000000000000e+00 -8.5 -7.5   
69 621 22.2583194109 6.73543854445 -10.0 -9.0000000000000000e+00 -8.0 -7.0   
70 630 21.0365313094 6.71421013464 -10.0 -9.0000000000000000e+00 -8.0 -7.0   
71 639 21.4110314742 6.6942438492 -10.0 -8.5000000000000000e+00 -8.0 -7.5   
72 648 21.7377179367 6.7170769025 -10.0 -9.0000000000000000e+00 -8.5 -7.5   
73 657 25.640737912 6.99190182878 -10.0 -8.5000000000000000e+00 -8.0 -8.0   
74 666 22.6874445475 7.27924616009 -10.0 -9.5000000000000000e+00 -8.5 -7.0   
75 675 21.1085771656 7.29697768062 -10.0 -8.5000000000000000e+00 -8.0 -7.0   
76 684 21.5149393979 7.38266090062 -10.0 -8.5000000000000000e+00 -8.0 -7.5   
77 693 20.3471675785 6.81583279646 -10.0 -9.0000000000000000e+00 -8.0 -7.5   
78 702 19.4688213547 6.36482583271 -10.0 -9.0000000000000000e+00 -8.0 -7.5   
79 711 19.7961944747 6.37367164368 -10.0 -9.0000000000000000e+00 -8.0 -7.0   
80 720 18.3005978862 6.26880701365 -10.0 -9.0000000000000000e+00 -8.0 -7.5   
81 729 16.8264771233 6.57543903045 -10.0 -9.0000000000000000e+00 -8.5 -7.5   
82 738 17.8050763622 6.95725418391 -10.0 -9.0000000000000000e+00 -8.0 -7.5   
83 747 17.2751427564 7.49258788514 -10.0 -9.0000000000000000e+00 -8.5 -7.5   
84 756 15.9972396953 7.84279133808 -10.0 -9.0000000000000000e+00 -8.0 -7.0   
85 765 16.0385229317 7.99603821251 -10.0 -9.5000000000000000e+00 -8.0 -7.5   
86 774 16.3756731075 8.36798913891 -10.0 -9.0000000000000000e+00 -8.0 -6.5   
87 783 16.744182587 9.12832640145 -10.0 -9.0000000000000000e+00 -8.0 -7.5   
88 792 16.1060780972 9.74060641128 -10.0 -9.0000000000000000e+00 -8.5 -7.5   
89 801 15.7757399341 9.43004958999 -10.0 -9.0000000000000000e+00 -8.5 -7.0   
90 810 15.8261664325 9.43410188712 -10.0 -9.0000000000000000e+00 -8.0 -7.0   
91 819 16.5351367344 10.4669587312 -10.0 -9.0000000000000000e+00 -8.0 -7.5   
92 828 17.7489695157 11.0871290235 -10.0 -8.5000000000000000e+00 -8.0 -7.5   
93 837 18.9036152857 11.4051258272 -10.0 -8.5000000000000000e+00 -8.0 -7.5   
94 846 21.8496880938 12.41414222 -10.0 -9.0000000000000000e+00 -8.0 -7.0   
95 855 19.9860518377 13.5327119479 -10.0 -9.5000000000000000e+00 -8.5 -6.5   
96 864 21.1894483592 13.9279277076 -10.0 -8.5000000000000000e+00 -8.5 -7.0   
97 873 23.2019604228 16.0126372987 -10.0 -9.0000000000000000e+00 -8.5 -7.5   
98 882 23.565772432 15.9613386844 -10.0 -9.0000000000000000e+00 -8.5 -7.5   
99 891 27.2778954192 16.3371896605 -10.0 -9.0000000000000000e+00 -8.5 -7.0   
100 900 26.7765070703 17.0420280081 -10.0 -9.5000000000000000e+00 -8.5 -7.5   
101 909 25.2403043729 17.7087579505 -10.0 -9.5000000000000000e+00 -7.5 -7.0   
102 918 22.9779695299 17.2332156525 -10.0 -8.5000000000000000e+00 -8.0 -7.5   
103 927 20.6100202233 17.5265647176 -10.0 -8.5000000000000000e+00 -8.0 -7.5   
104 936 18.2155019697 17.2839880082 -10.0 -9.0000000000000000e+00 -8.5 -7.5   
105 945 15.5315035214 17.9876330524 -10.0 -9.0000000000000000e+00 -8.0 -8.0   
106 954 13.7445489623 18.1322112479 -10.0 -9.0000000000000000e+00 -8.0 -7.0   
107 963 14.1883234289 17.346154464 -10.0 -9.5000000000000000e+00 -8.5 -7.5   
108 972 15.6407419838 16.783799106 -10.0 -8.5000000000000000e+00 -8.5 -7.0   
109 981 15.6883209171 16.8142394266 -10.0 -9.0000000000000000e+00 -8.5 -7.5   
110 990 14.9005632621 16.7221156346 -10.0 -9.0000000000000000e+00 -8.5 -8.0   
111 999 14.7964265457 16.1129371705 -10.0 -9.5000000000000000e+00 -8.0 -7.0   
112 1008 14.2975906172 17.4506510599 -10.0 -8.0000000000000000e+00 -7.5 -7.5   
113 1017 15.7874889277 17.8051925743 -10.0 -9.5000000000000000e+00 -8.5 -7.5   
114 1026 17.1152653791 18.6854988498 -10.0 -9.0000000000000000e+00 -8.5 -7.5   
115 1035 16.5554100971 19.6337278395 -10.0 -9.0000000000000000e+00 -8.0 -7.0   
116 1044 15.5424529551 19.5119044107 -10.0 -8.5000000000000000e+00 -8.0 -7.0   
117 1053 18.0134767935 19.0658501156 -10.0 -9.0000000000000000e+00 -8.0 -7.0   
118 1062 17.7073445837 18.3864085752 -10.0 -9.0000000000000000e+00 -8.0 -7.5   
119 1071 17.0471419716 17.1505504206 -10.0 -8.5000000000000000e+00 -8.0 -7.5   
120 1080 15.0496253235 17.3319341112 -10.0 -8.5000000000000000e+00 -7.5 -7.0   
121 1089 13.1628320495 16.7652206335 -10.0 -8.5000000000000000e+00 -8.0 -7.0   
122 1098 11.2469920843 18.3546566869 -10.0 -9.0000000000000000e+00 -8.5 -7.5   
123 1107 9.58848195921 19.421456455 -10.0 -9.0000000000000000e+00 -8.5 -7.5   
124 1116 8.83274539292 19.6978885677 -10.0 -9.5000000000000000e+00 -8.5 -7.5   
125 1125 7.61292638928 20.0995944246 -10.0 -9.0000000000000000e+00 -8.0 -7.5   
126 1134 6.61297139612 21.0893726954 -10.0 -9.0000000000000000e+00 -8.5 -7.0   
127 1143 6.41279880829 21.4723957275 -10.0 -9.0000000000000000e+00 -8.0 -7.0   
128 1152 5.27787993535 21.9067963467 -10.0 -8.5000000000000000e+00 -8.0 -7.0   
129 1161 5.10497078355 20.4635856516 -10.0 -9.5000000000000000e+00 -8.5 -7.5   
130 1170 4.91732671072 20.7467120517 -10.0 -9.5000000000000000e+00 -8.5 -7.5   
131 1179 5.01986489007 21.0695001764 -10.0 -9.0000000000000000e+00 -8.5 -6.5   
132 1188 4.3422283061 22.2728493829 -10.0 -8.5000000000000000e+00 -8.0 -7.0   
133 1197 3.91397157162 22.9629652709 -10.0 -9.5000000000000000e+00 -8.0 -7.5   
134 1206 3.65327252286 24.2215226791 -10.0 -8.5000000000000000e+00 -8.0 -7.5   
135 1215 3.60767932685 23.2174952133 -10.0 -9.0000000000000000e+00 -8.0 -7.5   
136 1224 3.68783231472 23.2185396851 -10.0 -9.0000000000000000e+00 -8.0 -7.0   
137 1233 3.79244869548 24.1646982153 -10.0 -9.0000000000000000e+00 -8.0 -7.0   
138 1242 3.75805661898 22.5748268633 -10.0 -8.5000000000000000e+00 -8.0 -7.0   
139 1251 4.15917185264 22.2731698278 -10.0 -9.5000000000000000e+00 -8.0 -7.5   
140 1260 3.78358972062 26.482039592 -10.0 -8.5000000000000000e+00 -8.0 -7.5   
141 1269 3.95709555589 26.630526013 -10.0 -9.0000000000000000e+00 -8.0 -7.5   
142 1278 4.31096336121 25.7767995073 -10.0 -8.5000000000000000e+00 -8.0 -7.0   
143 1287 4.08118988255 25.7721186431 -10.0 -8.5000000000000000e+00 -8.0 -7.5   
144 1296 4.81537817153 26.5751942894 -10.0 -8.5000000000000000e+00 -7.5 -7.5   
145 1305 5.00778745166 28.1196381722 -10.0 -8.5000000000000000e+00 -8.5 -6.5   
146 1314 4.72470379756 29.9615090303 -10.0 -9.0000000000000000e+00 -8.5 -8.0   
147 1323 4.62962889207 31.2783436917 -10.0 -8.5000000000000000e+00 -8.0 -6.5   
148 1332 4.14653263815 32.5203070363 -10.0 -9.0000000000000000e+00 -8.5 -7.5   
149 1341 3.65018725452 33.4865207535 -10.0 -9.0000000000000000e+00 -8.0 -7.5   
150 1350 3.21815188112 33.2429374443 -10.0 -8.5000000000000000e+00 -8.5 -7.5   
151 1359 3.68125188009 33.9879373197 -10.0 -9.0000000000000000e+00 -8.5 -7.5   
152 1368 3.98046679106 36.5498562944 -10.0 -9.0000000000000000e+00 -8.5 -7.0   
153 1377 4.1956423213 41.145256649 -10.0 -9.0000000000000000e+00 -8.0 -7.0   
154 1386 4.73510980444 37.6553052756 -10.0 -9.0000000000000000e+00 -8.0 -7.5   
155 1395 4.52935411627 37.1463878111 -10.0 -8.5000000000000000e+00 -8.5 -7.5   
156 1404 4.22057230203 37.6690619937 -10.0 -9.0000000000000000e+00 -8.0 -7.0   
157 1413 4.6305713753 39.4243037352 -10.0 -8.5000000000000000e+00 -8.0 -7.5   
158 1422 4.62967227157 37.3339998059 -10.0 -9.0000000000000000e+00 -8.5 -7.0   
159 1431 5.17032912477 36.7761274572 -10.0 -9.0000000000000000e+00 -8.5 -7.0   
160 1440 5.64810578489 36.5829852188 -10.0 -9.0000000000000000e+00 -8.0 -7.0   
161 1449 5.42385459945 35.5945423185 -10.0 -9.0000000000000000e+00 -8.0 -7.5   
162 1458 6.10506570667 35.7057819345 -10.0 -9.0000000000000000e+00 -8.0 -7.0   
163 1467 7.00685575596 37.6289050273 -10.0 -9.0000000000000000e+00 -8.0 -8.0   
164 1476 7.42433468051 37.6331142631 -10.0 -8.0000000000000000e+00 -7.5 -7.0   
165 1485 7.44297344288 36.8384905091 -10.0 -8.5000000000000000e+00 -8.0 -7.5   
166 1494 7.52596558467 39.4556611254 -10.0 -8.5000000000000000e+00 -8.0 -7.0   
167 1503 7.36531077965 35.2632025495 -10.0 -9.0000000000000000e+00 -8.5 -7.0   
168 1512 7.43024615682 37.1053512112 -10.0 -9.0000000000000000e+00 -8.5 -8.0   
169 1521 7.22038937309 34.3467375298 -10.0 -9.0000000000000000e+00 -8.5 -7.0   
170 1530 8.10310301793 34.2198466295 -10.0 -9.0000000000000000e+00 -8.0 -7.5   
171 1539 8.91980743626 34.8371566665 -10.0 -8.5000000000000000e+00 -8.0 -7.0   
172 1548 8.8466055806 38.796403656 -10.0 -9.0000000000000000e+00 -8.0 -8.0   
173 1557 9.71130791154 42.4408030067 -10.0 -8.5000000000000000e+00 -8.0 -7.0   
174 1566 10.2807674653 45.1139524064 -10.0 -8.5000000000000000e+00 -8.0 -7.5   
175 1575 11.4638180365 45.6733225243 -10.0 -8.5000000000000000e+00 -8.0 -7.5   
176 1584 11.3856358734 45.1632994239 -10.0 -9.5000000000000000e+00 -8.0 -7.5   
177 1593 11.1559994936 47.7028480827 -10.0 -9.0000000000000000e+00 -8.0 -7.5   
178 1602 10.8182322991 46.7941487945 -10.0 -9.0000000000000000e+00 -8.0 -7.5   
179 1611 10.6391543708 44.3764942852 -10.0 -8.5000000000000000e+00 -8.0 -7.0   
180 1620 10.6110776831 45.8042821961 -10.0 -8.5000000000000000e+00 -8.0 -7.5   
181 1629 11.8518542052 47.7907959428 -10.0 -9.0000000000000000e+00 -8.5 -7.5   
182 1638 12.17191138 51.0193344207 -10.0 -8.5000000000000000e+00 -8.0 -7.5   
183 1647 12.1869213606 52.5739676237 -10.0 -9.0000000000000000e+00 -8.0 -7.0   
184 1656 13.2501367761 53.8232241509 -10.0 -9.0000000000000000e+00 -8.5 -7.0   
185 1665 11.9892943151 52.1442229172 -10.0 -9.0000000000000000e+00 -8.0 -7.0   
186 1674 12.492726565 51.9669608067 -10.0 -9.0000000000000000e+00 -8.0 -7.5   
187 1683 13.5433271915 54.8330193216 -10.0 -9.0000000000000000e+00 -8.0 -7.5   
188 1692 12.211464743 53.4079592674 -10.0 -9.0000000000000000e+00 -8.5 -7.5   
189 1701 11.3867397879 51.5524143647 -10.0 -9.0000000000000000e+00 -8.0 -7.5   
190 1710 10.1754705408 52.0171227948 -10.0 -8.5000000000000000e+00 -8.0 -7.5   
191 1719 8.89850641332 52.002940257 -10.0 -9.0000000000000000e+00 -8.0 -8.0   
192 1728 8.26503487696 55.6754928745 -10.0 -8.5000000000000000e+00 -8.0 -7.0   
193 1737 8.46252853307 53.7581380687 -10.0 -9.5000000000000000e+00 -8.0 -7.0   
194 1746 7.83058561604 50.7496171416 -10.0 -9.0000000000000000e+00 -8.5 -7.5   
195 1755 7.83029801645 51.7077104303 -10.0 -9.0000000000000000e+00 -8.0 -7.5   
196 1764 7.31386316886 49.7828652154 -10.0 -9.5000000000000000e+00 -8.0 -7.0   
197 1773 7.30628560765 49.604280172 -10.0 -9.0000000000000000e+00 -8.0 -7.0   
198 1782 7.44133633129 49.838393997 -10.0 -9.0000000000000000e+00 -8.0 -7.0   
199 1791 7.30980464315 51.3017365525 -10.0 -8.5000000000000000e+00 -8.0 -7.0   
200 1800 7.73273394796 51.7012382251 -10.0 -8.5000000000000000e+00 -8.5 -7.0   
