% # iter+eval+sigma+0+fitness+xbest, seed=682949, Tue Apr 21 22:01:56 2015
1 9 22.6647921179 0 -9.0 0.596871568472 30.0395299885 550.734821016 30.7480033973 25.814273798 -19.1149362326
2 18 22.9095224012 0 -9.0 2.08451429221 37.960980599 553.524677588 51.8947438134 52.3533347303 18.0874492823
3 27 24.0981861384 0 -8.5 30.7623459823 32.8159555683 558.424290102 39.5754290323 66.2569726631 -36.029332263
4 36 26.3861694851 0 -8.5 55.4109941492 15.5923838699 537.991153827 73.6140439504 74.7786283115 -20.5884957588
5 45 24.9714647585 0 -8.5 52.469699945 16.5110080766 526.736213079 35.964733383 71.4716662214 -44.6162160644
6 54 23.9849433678 0 -9.0 38.385767524 8.92463897148 542.512701173 32.6995767514 59.2040736296 -33.7517033253
7 63 25.3974164095 0 -8.0 76.9530525969 -18.8469479261 581.381580619 87.3462209045 39.4032322357 -47.047757036
8 72 26.7475506424 0 -9.0 85.4048577863 -9.55425622114 575.645814019 52.3637566385 132.43933667 -37.5589369182
9 81 25.1826684257 0 -9.0 40.2963384456 -23.0699423783 547.97433283 86.12197421 90.7479436881 -24.7293343978
10 90 28.3942792854 0 -9.0 61.8257937202 13.2795555667 527.229681801 122.468262592 139.865135625 -49.3683422527
11 99 29.2639404143 0 -9.0 106.475550124 7.44594705792 516.725345322 108.168696921 118.32082886 -59.7887255514
12 108 27.057508536 0 -9.0 97.2856953738 28.8094322332 511.188843763 115.595479476 94.8824819549 -44.7175240504
13 117 26.6447735819 0 -9.0 44.0038112381 21.4879445237 512.184736345 97.7593423952 83.8157416188 -48.2147535616
14 126 26.9812261447 0 -8.5 99.4251135552 50.3901383653 529.321373706 162.686464049 112.155253962 -37.5797279548
15 135 25.79424728 0 -9.0 20.0207466001 18.2005047521 532.741441388 113.709814172 64.2500781503 -43.997303669
16 144 25.0409224524 0 -9.0 45.9525461918 1.77074287587 524.712937387 113.372887482 67.4429153319 -26.7013421744
17 153 25.2773835953 0 -9.0 49.6756298347 10.1139389447 486.096359908 102.31675263 79.3443671528 -36.8189603833
18 162 26.5663354795 0 -8.5 47.0895187278 -12.9524380629 498.569651947 140.939243462 43.0351635691 -34.1777833024
19 171 24.1619132967 0 -9.0 62.6410775116 17.654975244 472.249580586 97.6765342427 83.267175588 -48.695826629
20 180 23.9017090981 0 -9.0 27.2729806899 23.7859638802 461.183888451 84.3872885533 34.0300080621 -55.1974833851
21 189 22.6999528422 0 -9.0 12.0961756654 14.7372239374 512.124792375 128.121283622 13.2523736852 -45.7968235666
22 198 22.9960560324 0 -9.0 46.0451291209 -15.8664595018 491.572296779 103.463495127 29.3418543669 -74.078507304
23 207 20.9873430854 0 -8.5 45.2699124608 -6.25452602693 493.449045373 124.46407733 27.6539437057 -60.1827351335
24 216 19.521942854 0 -9.5 36.5113835023 -4.61176667126 503.708589577 133.015996453 36.9859367696 -86.6695224804
25 225 17.421893987 0 -10.0 46.8709135525 15.5754774184 481.931334541 115.235919737 33.6262793943 -69.0654596533
26 234 17.9262236116 0 -8.5 61.9359624585 -12.1995291376 508.265025792 145.621193207 -0.142254811269 -69.4793898157
27 243 17.0985289442 0 -9.5 70.0524585516 -8.74143575357 508.713276883 121.541051559 39.5574081138 -83.301608639
28 252 16.8178268251 0 -9.5 47.5065524158 -5.16990737432 526.274997779 118.242539245 8.8238645579 -80.6377179733
29 261 15.5882940164 0 -9.5 53.2202280619 -4.33762351365 518.720714779 102.891771594 19.2493288333 -73.1817355907
30 270 15.4481597448 0 -9.0 46.9338303126 1.75948799349 514.144932064 109.50085469 14.1651844659 -57.6017753696
31 279 16.2957278845 0 -9.0 45.5136230364 -14.7158101364 549.809221621 91.7725376851 -6.05987964753 -67.0006390949
32 288 14.5890571399 0 -9.0 59.5663602933 1.54368048489 529.169127989 117.613508348 38.6596888003 -78.9929038967
33 297 12.1621896713 0 -9.0 55.4034977775 3.69587646608 523.328068108 123.171551099 19.830811583 -79.8312184471
34 306 12.5571436069 0 -9.5 43.1449424973 3.54527913105 524.943950747 114.857574804 -5.57653233981 -77.6803284941
35 315 15.8815976373 0 -9.0 14.4628079343 14.8427035721 514.626986843 84.9652259551 -4.32167040226 -67.2180269394
36 324 18.1875468091 0 -9.5 37.1346170009 -2.16199259053 509.121380494 57.0495712024 7.57306271382 -69.936987165
37 333 18.1120084272 0 -9.5 29.7504747633 -4.90372219228 519.369445312 66.0394544862 -10.3473397706 -77.9275864249
38 342 19.2646007826 0 -9.0 12.0169795196 -0.675869228385 514.018412834 89.1903396752 0.503224829829 -66.0206302174
39 351 19.1641093475 0 -9.0 23.2562854869 -8.37063550989 511.649925172 107.146145398 19.8452752083 -76.560916018
40 360 20.3889717735 0 -9.0 8.78655143279 -16.8493949813 554.45932223 105.370636191 -29.3504353049 -80.7389129149
41 369 21.0421508441 0 -8.5 4.56518140888 -0.259097626124 541.286658365 98.7814141394 -39.5332344999 -69.1786278432
42 378 21.7649018043 0 -9.0 16.5794382878 0.554714042794 538.060079746 117.65402423 -47.6183250469 -96.5695253317
43 387 23.5992527812 0 -9.0 10.3996960389 14.5484329686 532.256529319 151.464035033 -56.6694627986 -85.5819501593
44 396 23.2487227412 0 -9.0 30.8330824495 5.81795554496 526.769176276 153.713307331 3.02504319067 -93.175505123
45 405 22.6897487326 0 -9.0 37.4296034052 17.0013486503 547.643810962 144.404504776 29.6037620262 -96.7029309795
46 414 24.3045324429 0 -9.0 21.9472991826 -2.94132866987 537.538078992 142.630144579 52.653590484 -90.841464396
47 423 23.7503495203 0 -9.0 28.4327475196 9.79005296044 540.701636415 126.193891679 47.2135302194 -89.8416809917
48 432 22.6863912796 0 -9.0 46.134794709 19.605966261 538.368167529 166.611893617 49.2488114114 -104.872125414
49 441 22.8063406146 0 -9.5 48.6454857204 0.371476877829 542.300236251 115.339539731 52.691209642 -93.6359167017
50 450 24.7604187941 0 -8.5 57.5793571642 -4.2430558672 588.228382566 124.696297355 34.7891012461 -105.072388539
51 459 26.0925835645 0 -9.0 57.8139154229 -34.3176922606 603.359437595 132.329190426 50.0486871121 -98.1379048671
52 468 28.4363123984 0 -8.5 103.762459695 -35.604747641 617.807189171 80.7360649861 91.1872501572 -103.063803047
53 477 30.8954168806 0 -9.0 101.263993905 -25.3096341143 614.162588616 119.09336963 77.1774329175 -131.024795086
54 486 34.5047433914 0 -8.5 115.547368892 -47.664296571 620.564848794 77.9588726344 112.177271765 -107.53016786
55 495 38.9639244444 0 -8.5 167.578909031 -85.9803648937 624.934565302 56.2355796021 165.357814423 -103.603138719
56 504 38.3873014161 0 -9.0 121.972699965 -66.5421833113 628.182104227 102.760544118 80.7461275515 -109.375173732
57 513 37.7938252791 0 -9.0 147.494980384 -120.314496727 664.147945879 22.9593782429 111.102180515 -106.179830927
58 522 35.4458752524 0 -8.5 128.310796159 -68.7986266992 622.17407256 127.334583869 123.840342947 -112.437498474
59 531 33.008270882 0 -8.5 131.605825279 -73.0040196598 626.631478916 84.928015945 107.744117275 -88.8100632904
60 540 31.826257155 0 -8.5 137.40739498 -87.2657888664 643.89086503 128.641527625 99.9474651812 -94.9125062973
61 549 28.7799352021 0 -9.0 109.384607694 -32.1870610269 599.912542894 159.902836593 88.1903906628 -116.793943777
62 558 27.5100039911 0 -9.0 121.176358881 -54.5795991558 617.651825178 161.972366673 69.9287410384 -126.556608185
63 567 25.5635129499 0 -9.5 99.4893389676 -58.4277812383 605.864403876 148.963785096 35.6240748385 -102.267120217
64 576 24.9617458938 0 -8.5 115.290552293 -70.1979277396 659.753438218 143.244959441 61.3422118743 -119.17642026
65 585 23.3314938663 0 -8.5 86.784113047 -51.055320291 640.375868313 137.78609245 42.001903203 -115.452381407
66 594 21.9792716767 0 -9.0 116.712247142 -59.9066549694 643.92594954 123.632292321 95.8508909867 -124.441967917
67 603 23.3971629206 0 -8.5 101.610408558 -57.1152963287 661.228599397 124.045956002 76.2549248448 -129.271278526
68 612 23.3814813778 0 -9.0 82.1233835704 -44.4727565428 623.188255691 171.813216024 70.3086626875 -127.081204096
69 621 22.2583194109 0 -9.0 84.5714842247 -48.2244015002 626.802888749 133.823375407 90.5444589072 -118.262688433
70 630 21.0365313094 0 -9.0 84.6050949283 -59.745131376 646.258650798 138.7232677 74.1529578087 -124.901604285
71 639 21.4110314742 0 -8.5 130.157504273 -77.4159065771 662.790364735 105.795669996 149.604843053 -139.626086013
72 648 21.7377179367 0 -9.0 77.5806371785 -45.8982685858 606.156420126 171.747829075 74.8536498384 -107.625573428
73 657 25.640737912 0 -8.5 64.3576067256 -56.80761436 611.206508301 136.241378352 67.4116627158 -86.7574837915
74 666 22.6874445475 0 -9.5 100.581583842 -53.5593959634 622.771800051 137.195182209 112.401235633 -121.133640024
75 675 21.1085771656 0 -8.5 82.4189145627 -50.442985972 603.71496052 145.624639689 99.9664824394 -97.4936382937
76 684 21.5149393979 0 -8.5 70.3257535807 -37.9618050546 634.405694551 118.885537167 104.984577399 -114.157137433
77 693 20.3471675785 0 -9.0 64.8077867766 -57.0671108008 607.217933799 142.489984047 82.7095093998 -95.1322352397
78 702 19.4688213547 0 -9.0 82.5049355921 -57.2596047548 609.162579423 147.872502059 119.450212302 -98.8709964336
79 711 19.7961944747 0 -9.0 64.9854164502 -38.1838861027 592.725406243 161.435831888 120.676664252 -102.106496218
80 720 18.3005978862 0 -9.0 47.5804456161 -28.2022385486 580.382630475 153.74151285 98.4267768426 -100.647640633
81 729 16.8264771233 0 -9.0 34.1021766243 -24.5828853854 582.640649854 153.532166596 93.2984084797 -95.9100743736
82 738 17.8050763622 0 -9.0 43.3108310708 -34.9821738691 596.610008632 126.146421499 108.893777468 -87.7694030753
83 747 17.2751427564 0 -9.0 27.7500750912 -25.5697184295 567.823241597 146.304459193 86.1682851141 -80.7176728529
84 756 15.9972396953 0 -9.0 21.9470181058 -24.0866142295 578.812740798 146.098777784 84.453807713 -79.8007976699
85 765 16.0385229317 0 -9.5 19.8416695347 -19.2352490296 577.211157453 153.419216103 66.6485217178 -85.3257969885
86 774 16.3756731075 0 -9.0 -2.29897473124 -12.8703905773 566.680229711 138.866912951 51.0074684216 -72.9749009205
87 783 16.744182587 0 -9.0 1.00303409516 -7.8260046795 558.95541521 155.294593216 54.03057777 -71.696893718
88 792 16.1060780972 0 -9.0 -5.23505787227 -9.76362774496 554.064116931 167.62825236 44.6785299399 -77.5202736972
89 801 15.7757399341 0 -9.0 7.50838311139 -11.8414353896 568.611567904 153.831642502 76.9520468133 -85.7084540062
90 810 15.8261664325 0 -9.0 -26.6966728063 4.1062280491 554.001188912 164.209186025 31.7916347913 -74.7209128924
91 819 16.5351367344 0 -9.0 -26.5675022155 18.1763245842 532.040817968 190.46334796 23.8283489064 -77.2699258568
92 828 17.7489695157 0 -8.5 4.34146475832 -8.71170699268 554.016031782 171.850983626 43.5305919977 -77.5762910289
93 837 18.9036152857 0 -8.5 -56.6329100547 22.6013884899 540.892776281 175.654775851 0.351268566426 -70.0192111211
94 846 21.8496880938 0 -9.0 -38.4825755978 1.14846819832 553.675939813 155.283597516 35.7830114918 -60.7982595411
95 855 19.9860518377 0 -9.5 -43.9099530371 15.9624755624 531.749036101 189.251503109 9.23690636771 -69.83991804
96 864 21.1894483592 0 -8.5 -126.96011803 57.2978433772 493.145725687 179.081404484 -51.274167289 -38.5067804476
97 873 23.2019604228 0 -9.0 -87.1860942497 22.8384968092 514.936051796 180.077755813 -7.40398991608 -51.1720791056
98 882 23.565772432 0 -9.0 -97.0524492766 34.3265174337 517.429051403 160.813350853 -3.12175644673 -50.7339073288
99 891 27.2778954192 0 -9.0 -102.07373124 32.5777875321 546.837550383 149.83948895 1.1538511543 -63.5972805148
100 900 26.7765070703 0 -9.5 -148.461878875 68.3348093933 511.740743322 155.955960205 -35.5092277738 -53.6852803033
101 909 25.2403043729 0 -9.5 -67.499845675 31.3807464859 525.167849592 185.934977626 5.38219760585 -72.2145564438
102 918 22.9779695299 0 -8.5 -102.207634322 27.0331125489 539.184086463 163.726858752 -0.416608375726 -60.4292216409
103 927 20.6100202233 0 -8.5 -86.0993957725 27.2590295842 528.700647709 178.941611131 -6.97919244385 -66.3492307486
104 936 18.2155019697 0 -9.0 -98.9339230982 37.5365779493 535.46177366 143.531500382 19.9026416476 -59.6292552143
105 945 15.5315035214 0 -9.0 -83.6320921826 27.0665301633 549.539447221 155.647773538 14.021597604 -67.3207295488
106 954 13.7445489623 0 -9.0 -91.6449420477 33.4813429533 525.297096374 177.113747281 1.79612181354 -66.2046692469
107 963 14.1883234289 0 -9.5 -55.1715275009 3.54287959196 559.399509262 143.976595765 41.6112772647 -70.7798584444
108 972 15.6407419838 0 -8.5 -85.78818336 17.6266488275 541.683373917 153.710853281 17.2705177346 -56.7497930043
109 981 15.6883209171 0 -9.0 -36.4344356349 1.31002065973 537.103908099 176.783427066 44.4605029096 -70.3630080202
110 990 14.9005632621 0 -9.0 -57.3128253203 3.75697172526 547.165021386 163.133920978 34.2587575038 -65.2235020477
111 999 14.7964265457 0 -9.5 -31.583829504 -17.0979205354 559.576394408 151.450052896 70.1268671435 -63.2903894419
112 1008 14.2975906172 0 -8.0 -20.313918836 -9.04400494042 553.812614082 164.150650987 72.8307406738 -71.5632351111
113 1017 15.7874889277 0 -9.5 -70.9365120701 18.8589380481 545.344216391 143.739825175 35.1978312809 -62.5742322939
114 1026 17.1152653791 0 -9.0 -79.6789104369 27.6050799053 529.565407235 157.167488317 30.5440663946 -59.8980557502
115 1035 16.5554100971 0 -9.0 -51.6733971404 20.9014090156 539.594502543 161.97505303 29.9283188284 -68.4750426161
116 1044 15.5424529551 0 -8.5 -60.7146276455 29.3966306938 534.014922235 177.996395385 33.7699588096 -73.7057510024
117 1053 18.0134767935 0 -9.0 -41.5906212417 23.7298495202 522.311800654 188.438583536 42.6045131227 -68.9280552835
118 1062 17.7073445837 0 -9.0 -39.370674665 8.7420500491 557.688259326 145.138109517 44.6984584826 -66.9569788625
119 1071 17.0471419716 0 -8.5 -76.5012858379 28.577679288 536.718707874 152.104984732 18.9200500238 -58.4314468509
120 1080 15.0496253235 0 -8.5 -30.3296579703 8.08512824113 560.240494255 151.686027096 49.3298537524 -74.0385577937
121 1089 13.1628320495 0 -8.5 -87.5856220887 33.7225611683 531.281963704 154.388202968 13.4957398703 -57.7717760774
122 1098 11.2469920843 0 -9.0 -39.972902524 10.2356510522 548.759946623 154.469753755 52.3010979814 -66.9681868793
123 1107 9.58848195921 0 -9.0 -64.3755703596 23.4488821835 543.298826157 155.057326836 29.922114171 -64.5468547482
124 1116 8.83274539292 0 -9.5 -47.6566665876 14.0907880405 552.143807138 148.48310145 44.2972623436 -68.9177387854
125 1125 7.61292638928 0 -9.0 -48.3736931965 10.3251081594 553.667238836 146.962378742 46.1960463746 -65.4537160877
126 1134 6.61297139612 0 -9.0 -43.6465868118 12.021491924 550.345847803 149.302385187 46.7379549584 -65.8489842988
127 1143 6.41279880829 0 -9.0 -63.851800525 22.624537786 543.184462555 147.33781888 29.1883862831 -60.5984787221
128 1152 5.27787993535 0 -8.5 -61.6624843778 18.8808924121 547.623699694 146.680599895 35.9181775737 -64.2055154521
129 1161 5.10497078355 0 -9.5 -68.7205971288 21.4818409947 544.446934627 147.865213054 28.2742781161 -59.9130143868
130 1170 4.91732671072 0 -9.5 -63.1136475438 22.3595966034 544.780369098 149.287072813 27.696783886 -62.8424423567
131 1179 5.01986489007 0 -9.0 -68.511756503 23.6336544155 545.191108237 146.536092466 25.3223793199 -61.3950772846
132 1188 4.3422283061 0 -8.5 -63.528170421 19.4609249075 548.20514601 144.462375407 31.614597107 -61.7333710082
133 1197 3.91397157162 0 -9.5 -70.5902185501 25.6287750049 542.333991839 149.044122437 24.1440879139 -61.263607418
134 1206 3.65327252286 0 -8.5 -63.741187811 21.9973694277 546.024525576 147.582467746 29.1807190173 -62.2954024647
135 1215 3.60767932685 0 -9.0 -69.7546277755 25.166495861 544.315211103 147.59822088 24.5100092626 -61.8297943943
136 1224 3.68783231472 0 -9.0 -75.6264107466 27.5229988287 543.121495138 144.690589025 19.6401086675 -59.386003137
137 1233 3.79244869548 0 -9.0 -68.9810099198 24.4085657001 544.359375305 147.688541464 24.7274006611 -60.8247118678
138 1242 3.75805661898 0 -8.5 -76.1622672417 27.8836842654 544.475468964 143.118707493 19.5165701636 -59.715216397
139 1251 4.15917185264 0 -9.5 -86.1653593184 34.3745750249 538.607977513 145.629056927 9.47925372566 -57.915846329
140 1260 3.78358972062 0 -8.5 -79.3203394169 28.906185197 541.698280054 144.311694808 18.0772714134 -58.2674627319
141 1269 3.95709555589 0 -9.0 -74.6962901362 26.7041261229 544.470164427 143.297211099 19.4211115575 -59.7746707505
142 1278 4.31096336121 0 -8.5 -74.0695583314 24.3070987734 545.800772019 141.217745165 21.550156745 -59.0309785332
143 1287 4.08118988255 0 -8.5 -65.5958259686 21.4866683606 548.093629575 140.844065081 29.5126910356 -59.7367593545
144 1296 4.81537817153 0 -8.5 -62.9883455242 18.9513653244 551.568643698 138.773080855 29.1821029694 -61.5633078262
145 1305 5.00778745166 0 -8.5 -65.351865882 22.8895604229 544.298995803 146.05511109 25.0898980189 -60.8054030485
146 1314 4.72470379756 0 -9.0 -68.0325428874 23.8506411075 543.223864462 146.633993473 23.2322084088 -60.1290882196
147 1323 4.62962889207 0 -8.5 -65.4655011599 20.8970117043 544.897921602 143.4218182 27.3027172937 -58.2905952312
148 1332 4.14653263815 0 -9.0 -79.9524554913 29.8600861695 539.392430882 145.252301984 14.9986478013 -57.5145722778
149 1341 3.65018725452 0 -9.0 -75.8418992866 27.1740967135 542.134458207 144.298906008 18.0935611304 -58.4210371783
150 1350 3.21815188112 0 -8.5 -72.8900411748 26.2124812588 542.030546743 145.301945595 21.3555813258 -58.7885748943
151 1359 3.68125188009 0 -9.0 -68.4325269088 21.6974633223 545.944317796 140.768938035 26.4828535174 -57.8390600677
152 1368 3.98046679106 0 -9.0 -58.7381269465 17.1902852853 550.072077044 142.052409205 34.0848565706 -60.9333045324
153 1377 4.1956423213 0 -9.0 -65.0785640435 20.7936724762 548.89124836 140.219704064 28.4128368278 -59.4776714554
154 1386 4.73510980444 0 -9.0 -62.0171286426 20.1688429172 548.049559703 144.006865021 29.6602042444 -60.7740499194
155 1395 4.52935411627 0 -8.5 -65.5713047574 23.0185326034 546.038879918 143.620481208 24.7292808649 -59.805983768
156 1404 4.22057230203 0 -9.0 -66.693199222 20.9313669698 548.953598566 139.535784125 26.7521701053 -59.1547024832
157 1413 4.6305713753 0 -8.5 -70.7174238325 24.581233508 543.443307805 143.234274267 23.0088302363 -57.2495190007
158 1422 4.62967227157 0 -9.0 -76.2679229607 26.6665053941 545.984441904 139.276422515 19.6401670192 -57.1379900299
159 1431 5.17032912477 0 -9.0 -73.6127875478 25.2980947459 541.75909433 144.109578314 22.1711528296 -56.3906275406
160 1440 5.64810578489 0 -9.0 -71.2649991764 22.4593590873 544.273265764 143.824628712 26.0864744248 -57.4201781014
161 1449 5.42385459945 0 -9.0 -70.9121536123 21.977964453 541.440005144 142.534769683 27.6188865657 -54.4501063408
162 1458 6.10506570667 0 -9.0 -80.2808368535 26.4707447203 535.788529426 144.644126487 20.0734732022 -51.2812793409
163 1467 7.00685575596 0 -9.0 -76.5489917346 23.6583566598 540.379907501 138.610796034 26.3989543491 -51.0852485016
164 1476 7.42433468051 0 -8.0 -75.9746729493 22.2918797794 539.882418277 137.061637977 25.7290733636 -48.8586969212
165 1485 7.44297344288 0 -8.5 -76.8978625366 25.886814107 538.471776499 145.435092628 24.2005652886 -53.8182775849
166 1494 7.52596558467 0 -8.5 -74.761567485 22.5053746277 544.504135058 138.181948178 27.5578907379 -52.9322580944
167 1503 7.36531077965 0 -9.0 -81.0845464629 27.2290750286 538.825964425 141.702249004 22.3654721735 -51.0677574748
168 1512 7.43024615682 0 -9.0 -81.1160114101 26.0751427656 539.091214339 141.875298017 20.7004463877 -50.2032333473
169 1521 7.22038937309 0 -9.0 -81.1066381391 24.3411807022 545.216606367 136.657391729 24.3399469489 -52.0284954526
170 1530 8.10310301793 0 -9.0 -72.7400936028 24.2815166364 545.963101586 144.687115404 21.7840678672 -57.8539620482
171 1539 8.91980743626 0 -8.5 -57.1704426696 13.484665225 554.438495942 140.812481997 36.4866484212 -59.2165369924
172 1548 8.8466055806 0 -9.0 -48.9391564407 6.03807656684 559.251079678 131.918505865 49.520691603 -56.6671417647
173 1557 9.71130791154 0 -8.5 -84.9435016501 27.5625076459 546.887812537 136.22723347 16.8107294537 -53.9279505382
174 1566 10.2807674653 0 -8.5 -88.8019465193 25.2253784967 547.032518967 129.330173691 19.5209802159 -48.1898860262
175 1575 11.4638180365 0 -8.5 -90.1928190849 25.0918935544 553.744855403 121.351074272 21.6646267577 -49.3646595926
176 1584 11.3856358734 0 -9.5 -91.8325248546 24.6643023962 552.59949328 123.378328259 15.7079994052 -49.0775300919
177 1593 11.1559994936 0 -9.0 -86.7822759922 21.1343010072 553.85237972 123.014593165 23.0786399509 -50.619337162
178 1602 10.8182322991 0 -9.0 -103.999592156 30.9558026694 546.857560602 125.530909113 7.44150871874 -48.4553872899
179 1611 10.6391543708 0 -8.5 -63.677559612 13.8277247784 565.055622619 125.655730486 36.9688723196 -60.0391796941
180 1620 10.6110776831 0 -8.5 -71.3593618638 16.2511934316 561.80699844 125.133315991 33.5453384195 -56.9827825456
181 1629 11.8518542052 0 -9.0 -67.9360018375 11.1750417175 574.367513942 116.264696871 40.3119402258 -59.5322451384
182 1638 12.17191138 0 -8.5 -59.6291011213 15.0387165783 564.282014204 125.823925614 38.5902119683 -61.0000405868
183 1647 12.1869213606 0 -9.0 -41.9895763588 3.03882386862 579.556967275 119.411919768 54.4079710846 -66.5074161014
184 1656 13.2501367761 0 -9.0 -49.2563333391 10.2581494256 576.009476116 132.295336426 42.8090944596 -71.5764847559
185 1665 11.9892943151 0 -9.0 -71.6557782307 19.3735224125 563.513543856 124.017037738 29.232265673 -59.8898329524
186 1674 12.492726565 0 -9.0 -31.9613051918 3.85646169498 574.735688193 137.603334718 55.2753352844 -73.3869678815
187 1683 13.5433271915 0 -9.0 -63.9888941704 19.1160954231 557.359605176 139.190575127 31.9259548981 -64.023120058
188 1692 12.211464743 0 -9.0 -58.3346582218 10.6404799224 572.252929055 122.642593014 44.4843402969 -64.1897097814
189 1701 11.3867397879 0 -9.0 -41.0496789888 6.69074154679 575.887971758 126.121552993 51.4498220969 -69.608866232
190 1710 10.1754705408 0 -8.5 -46.4277016413 5.71034410743 571.390177833 128.307791516 50.820221728 -65.3721935
191 1719 8.89850641332 0 -9.0 -57.1188200952 12.7250540746 570.01211648 125.926509044 39.7515284421 -64.3133201254
192 1728 8.26503487696 0 -8.5 -52.0051977623 7.37432618797 574.055981744 123.896610681 48.9170946056 -65.8972253105
193 1737 8.46252853307 0 -9.5 -44.1990502032 3.45197167576 574.322368045 120.395021701 52.4519244343 -63.7621778693
194 1746 7.83058561604 0 -9.0 -43.0423562113 3.27686926358 577.222778031 124.977785808 51.4715659319 -67.7633860098
195 1755 7.83029801645 0 -9.0 -56.6531001777 11.0714947356 570.461029075 125.869981833 43.0241135489 -65.2853307759
196 1764 7.31386316886 0 -9.5 -63.9893101979 14.1890821765 564.181356803 126.586442104 36.8022336699 -61.3012370423
197 1773 7.30628560765 0 -9.0 -61.4949507557 14.4861685679 566.788298023 125.946005745 36.6233879674 -63.2735652506
198 1782 7.44133633129 0 -9.0 -39.9430333868 7.23487188924 575.240818291 132.615438424 48.0228051624 -72.6566759886
199 1791 7.30980464315 0 -8.5 -51.3218881667 11.4576332982 571.619213217 131.046464976 43.5563157606 -70.1908653989
200 1800 7.73273394796 0 -8.5 -47.7363604791 11.8264297991 569.146515919 135.71645883 45.2862526264 -71.0440151229
